17287596359173134603
8978775792821542412
2230854660499596755
8820724306387068281
4348377679399845106
15041265188043850337
5262048536440163886
6379808199001010847
17697006174542967646
4713919946355276255
15411268604504672800
2835927813786523347
7529083258767619459
17178724340927554314
776844727850198073
3459963060175232586
7625871773868138402
470737042389086538
17012320396776918869
16354219496168077151
13150836434506700125
14289213391223650453
16129631776160609894
323844985225795062
3980483839193632431
12923762821680200694
16127730448781901793
5154899192210395285
2858054765441335229
2649129796101091224
17092432643301714070
15512900141615070102
1902875535232042904
7269228831587857130
16262598166253474365
11884072308311667849
10632242795325663332
3185091552798808
11041834905575313054
8756769568727345933
